h0 = 0.443149
h1 = 0.239451
h2 = 0.037340
h3 = 0.001635

format long
a = 4*h3^2 + 4*h2^2 + 4*h1^2 + 8*h2*h3 + 8*h1*h3 + 4*h0*h3 + 8*h1*h2 + 4*h0*h2 + 4*h0*h1 + h0^2 

asq = 4*h3^4 + 4*h2^4 + 4*h1^4 + 8*(h2*h3)^2 + 8*(h1*h3)^2 + 4*(h0*h3)^2 + 8*(h1*h2)^2 + 4*(h0*h2)^2 + 4*(h0*h1)^2 + h0^4 
